gfc     0    0  1.000000000000e+00  0.000000000000e+00  0.000000000000e+00  0.000000000000e+00
gfc     1    0  0.000000000000e+00  0.000000000000e+00  0.000000000000e+00  0.000000000000e+00
gfc     1    1  0.000000000000e+00  0.000000000000e+00  0.000000000000e+00  0.000000000000e+00
gfc     2    0 -9.086168594185e-05  0.000000000000e+00  9.469899476877e-09  0.000000000000e+00
gfc     2    1 -2.547621530556e-09  7.777894419222e-10  1.479978353379e-09  1.471564811945e-09
gfc     2    2  3.467272674041e-05 -8.360425480790e-11  1.522707418605e-09  1.446337309900e-09
gfc     3    0 -3.196810839130e-06  0.000000000000e+00  2.337628497327e-09  0.000000000000e+00
gfc     3    1  2.636713697337e-05  5.454864492005e-06  2.419470328394e-10  2.425350434676e-10
gfc     3    2  1.417117925104e-05  4.878065260323e-06  1.940706140335e-10  1.822150954991e-10
gfc     3    3  1.227513408695e-05 -1.774709271478e-06  2.960504740678e-10  3.117049660506e-10
gfc     4    0  3.234790628142e-06  0.000000000000e+00  2.347430243838e-10  0.000000000000e+00
gfc     4    1 -6.013619703435e-06  1.664237237373e-06  9.689869181976e-11  8.707887732305e-11
gfc     4    2 -7.116357976751e-06 -6.777120136201e-06  6.799794101251e-11  6.708608049939e-11
gfc     4    3 -1.349807072717e-06 -1.344468509204e-05  8.288386421088e-11  8.550658190392e-11
gfc     4    4 -6.007371857414e-06  3.926110519263e-06  2.499796696843e-10  2.208718030655e-10
gfc     5    0 -2.238056982673e-07  0.000000000000e+00  7.449053610989e-12  0.000000000000e+00
gfc     5    1 -1.011601148751e-06 -4.118919889302e-06  7.441745572210e-12  6.813059559380e-12
gfc     5    2  4.399524096764e-06  1.057182790410e-06  7.996399895885e-12  1.312163450467e-11
gfc     5    3  4.661734764186e-07  8.698894880695e-06  1.499152804180e-11  1.275323395628e-11
gfc     5    4  2.754042372260e-06  6.743056261422e-08  6.770186760388e-11  6.010640665502e-11
gfc     5    5  3.111066102842e-06 -2.754320348497e-06  2.073315294435e-10  2.089723580344e-10
gfc     6    0  3.818432918982e-06  0.000000000000e+00  5.139781217353e-12  0.000000000000e+00
gfc     6    1  1.528231924189e-06 -2.599609968135e-06  1.044991249669e-11  3.430391671992e-12
gfc     6    2 -4.397324806627e-06 -2.167696968633e-06  8.219854537270e-12  4.495858934830e-12
gfc     6    3 -3.317522854423e-06 -3.427421546996e-06  9.365800615704e-12  6.940152074817e-12
gfc     6    4  3.411868213914e-07 -4.058128399886e-06  4.082549230672e-11  3.159430439616e-11
gfc     6    5  1.454312053480e-06 -1.034161633663e-05  5.568460990518e-11  5.480813477988e-11
gfc     6    6 -4.684271959487e-06  7.229847386576e-06  1.449584723962e-10  1.405209267010e-10
gfc     7    0  5.593436572668e-06  0.000000000000e+00  1.286009399207e-11  0.000000000000e+00
gfc     7    1  7.471652366687e-06 -1.197553410029e-07  1.126931374024e-11  9.571374164843e-12
gfc     7    2 -6.501636025045e-07  2.411094121355e-06  8.793596468636e-12  9.964680525696e-12
gfc     7    3  5.994340892796e-07  2.357331620608e-06  5.346869457816e-12  4.573468113314e-12
gfc     7    4 -8.437597875140e-07  7.564518875510e-07  2.106092145744e-11  1.905870528985e-11
gfc     7    5 -2.067547701982e-07  1.069362091062e-06  3.439626777367e-11  3.459196548093e-11
gfc     7    6 -1.065364208014e-06  1.100395029151e-06  3.678032053301e-11  3.473512926638e-11
gfc     7    7 -1.820089736069e-06 -1.600020449157e-06  1.666871368106e-10  1.632604521266e-10
gfc     8    0  2.346838978587e-06  0.000000000000e+00  3.474345848301e-12  0.000000000000e+00
gfc     8    1  4.184762330044e-09  1.098027059185e-06  3.340813607301e-12  8.929346262677e-12
gfc     8    2  3.009317640380e-06  1.930569232597e-06  4.931432622383e-12  4.103785139057e-12
gfc     8    3 -1.889039142781e-06  9.544530334112e-07  3.550238225451e-12  9.261015308650e-12
gfc     8    4  3.408708119170e-06 -5.282608157413e-07  1.609113205354e-11  1.394777562363e-11
gfc     8    5 -1.248104516676e-06  2.918584098402e-06  1.595933150971e-11  1.446881533983e-11
gfc     8    6 -1.660462362502e-06 -2.114709908620e-06  3.361570866503e-11  3.125954755428e-11
gfc     8    7 -1.509685394413e-06  3.268872535350e-06  4.094201052861e-11  3.933816274723e-11
gfc     8    8 -2.485373230054e-06  2.116427788975e-06  9.841484608193e-11  9.796094372586e-11
gfc     9    0 -3.530895373792e-06  0.000000000000e+00  4.714668051937e-12  0.000000000000e+00
gfc     9    1  1.866997708035e-06  8.104853688522e-08  1.073616962002e-11  5.274185458155e-12
gfc     9    2  1.927801656078e-06 -1.387555132442e-06  6.899285843986e-12  3.786454560469e-12
gfc     9    3 -1.992438024893e-06  2.201758322743e-06  7.862764157727e-12  3.648048526998e-12
gfc     9    4 -1.884468814969e-06 -1.425830383412e-06  9.976832309821e-12  1.303753426547e-11
gfc     9    5 -1.562496443561e-06 -3.524661241546e-06  1.398963535871e-11  1.316755248799e-11
gfc     9    6 -2.127274145044e-06 -3.002644712477e-06  1.899179431647e-11  1.869827312298e-11
gfc     9    7 -3.914731601421e-06 -1.068052771887e-07  4.483274969356e-11  4.474397257892e-11
gfc     9    8 -1.311955043011e-06 -2.203442834474e-06  2.436835814227e-11  2.481332432189e-11
gfc     9    9 -9.384805860324e-07  2.488066971505e-06  1.321391309475e-10  1.318228898302e-10
gfc    10    0 -1.069302295678e-06  0.000000000000e+00  3.333626575238e-12  0.000000000000e+00
gfc    10    1  8.416057316898e-07 -9.540696994610e-07  3.839963861424e-12  2.384451950683e-12
gfc    10    2  3.572441372824e-07 -2.651147184268e-07  1.982623593469e-12  3.743153552556e-12
gfc    10    3  4.841855032758e-07  6.688503363749e-07  6.889884308999e-12  6.080725013604e-12
gfc    10    4 -3.572977311456e-06  1.578895932903e-06  8.409808059733e-12  8.620410200682e-12
gfc    10    5  6.997030818351e-07 -3.145720014285e-07  8.076884863344e-12  9.605211441848e-12
gfc    10    6 -1.273332053514e-07 -2.095316385398e-06  1.767904975410e-11  1.500830778961e-11
gfc    10    7 -3.998665713116e-06 -9.107424333843e-07  1.743923639840e-11  2.044823040760e-11
gfc    10    8 -3.559391582440e-06  2.848876259420e-06  2.856932788752e-11  3.069157564493e-11
gfc    10    9 -4.753055875823e-06 -5.159948874641e-08  3.066671041645e-11  3.413126049342e-11
gfc    10   10  9.478145846290e-07 -1.719467837542e-06  7.342531166357e-11  7.374788758131e-11
gfc    11    0 -8.852059884739e-07  0.000000000000e+00  2.159375540646e-12  0.000000000000e+00
gfc    11    1 -1.946152902727e-08  6.142428615757e-07  5.175111245622e-12  3.860452697999e-12
gfc    11    2  6.995270494029e-07 -1.968041856857e-06  3.389153789061e-12  2.036585944835e-12
gfc    11    3  4.084102460780e-07  7.362842104605e-07  3.616463334907e-12  7.530730914173e-12
gfc    11    4 -1.086791453462e-06  2.190854519960e-06  8.549464357516e-12  6.079909597550e-12
gfc    11    5  5.034998551196e-08  2.588020987835e-06  7.623466673144e-12  7.999019351697e-12
gfc    11    6  5.242958422677e-07 -1.367050379495e-06  1.062755100567e-11  1.273448365149e-11
gfc    11    7 -8.449776869291e-08 -2.841055047215e-06  2.032129424822e-11  1.834062483580e-11
gfc    11    8 -2.095268687092e-06 -3.829316365417e-07  1.420334709563e-11  1.581385214309e-11
gfc    11    9 -2.334976994397e-06  2.526127446557e-07  4.483024527179e-11  4.603607485557e-11
gfc    11   10 -4.680576757843e-06 -1.735988863047e-07  1.783359685059e-11  2.459393570017e-11
gfc    11   11 -2.888830382387e-06 -1.746345183967e-06  1.038974979536e-10  1.020279051035e-10
gfc    12    0 -2.012256143652e-06  0.000000000000e+00  5.335859679669e-12  0.000000000000e+00
gfc    12    1 -7.068620100936e-07  1.647806698272e-06  6.415241847601e-12  6.741673891121e-12
gfc    12    2 -1.052121427068e-07  1.507793037370e-06  5.736349117964e-12  1.120349181910e-11
gfc    12    3  8.557103613511e-07 -4.058963888278e-06  5.419791726599e-12  5.199679133086e-12
gfc    12    4  8.129969285895e-07 -3.445998448740e-07  7.764344585472e-12  1.031818712442e-11
gfc    12    5  2.061266915859e-10  8.936303922029e-07  3.835475887905e-12  5.027750649471e-12
gfc    12    6  1.089061526248e-06  5.452215374221e-07  9.839301572724e-12  9.847002747671e-12
gfc    12    7  2.139988283845e-06 -9.675711352514e-07  9.457301737120e-12  1.094910086876e-11
gfc    12    8  3.985681394777e-07 -2.206539824126e-06  1.576957800017e-11  1.409461585396e-11
gfc    12    9 -1.345174403210e-06  1.094998419354e-06  1.797157942784e-11  1.778549314359e-11
gfc    12   10 -3.075509372512e-06 -1.273976754714e-06  2.430459995633e-11  2.694157617466e-11
gfc    12   11 -9.817952449412e-07 -3.284418710540e-07  2.422154865967e-11  2.437938514224e-11
gfc    12   12  3.026783400314e-07  1.246971834617e-06  5.862785590826e-11  5.759462014104e-11
gfc    13    0  2.564905671867e-07  0.000000000000e+00  4.317110205607e-12  0.000000000000e+00
gfc    13    1  1.354447502301e-06 -7.664907348287e-08  8.300958943438e-12  6.637421392157e-12
gfc    13    2 -3.425254189930e-06  3.839564489581e-07  5.800694180411e-12  4.534809626534e-12
gfc    13    3 -4.333237485467e-07 -1.456304210327e-06  9.044813942933e-12  6.344270593757e-12
gfc    13    4  7.772518025769e-07 -5.819171458449e-07  4.014696568874e-12  7.059585022888e-12
gfc    13    5 -1.186342964866e-06  1.021343848974e-06  4.441178555178e-12  5.615223337626e-12
gfc    13    6 -2.769164909253e-08  1.384211172435e-06  7.676013026236e-12  7.511772136355e-12
gfc    13    7 -1.621070302985e-07 -6.726643573248e-07  9.543874175320e-12  1.038196683579e-11
gfc    13    8 -2.922618798806e-07 -1.210524887337e-06  9.399480224690e-12  9.194718819855e-12
gfc    13    9 -1.699781767286e-07  5.274821504260e-07  2.189266680869e-11  2.188844369204e-11
gfc    13   10 -6.742854827962e-07  4.528745403272e-07  1.088184568510e-11  1.170447026909e-11
gfc    13   11 -1.305703334544e-06  4.390412380752e-07  4.074733910794e-11  4.049310859447e-11
gfc    13   12 -5.743546079231e-07 -1.522367249771e-06  1.708002437912e-11  1.483388891090e-11
gfc    13   13  2.499343428633e-06 -2.668723550018e-06  7.775256837275e-11  8.243560713214e-11
gfc    14    0  4.922488122234e-07  0.000000000000e+00  3.080111101075e-12  0.000000000000e+00
gfc    14    1  5.654293222655e-07 -6.821077089876e-07  1.824088292441e-12  2.801976115367e-12
gfc    14    2  3.644162287634e-07  3.552096074586e-07  2.137236341338e-12  3.482770244720e-12
gfc    14    3  5.578796564164e-07  1.679837122597e-07  5.434755328556e-12  6.750684278780e-12
gfc    14    4 -3.905306282477e-07 -2.582070842038e-06  5.610659652716e-12  3.564834302542e-12
gfc    14    5 -7.823982524990e-07 -2.159762678187e-07  3.089193487411e-12  1.012576766098e-11
gfc    14    6 -6.096266345351e-07  1.862286668524e-06  7.326844225145e-12  6.929747570378e-12
gfc    14    7 -5.154257643536e-07  1.161503178203e-06  7.588772694722e-12  5.841074072836e-12
gfc    14    8  3.061465821037e-07  4.414511756181e-07  8.422914204131e-12  9.868942805660e-12
gfc    14    9  8.052265575640e-08 -1.638051552914e-06  1.103133587072e-11  9.655415484888e-12
gfc    14   10 -7.782242773510e-07  5.930299046995e-07  1.251667438545e-11  1.416520082638e-11
gfc    14   11 -1.928500444473e-06  1.937217979600e-06  1.690632478555e-11  1.715492398957e-11
gfc    14   12 -1.448562715758e-06 -5.394707917472e-07  2.188965725380e-11  2.272280768987e-11
gfc    14   13 -3.214058816574e-07 -1.017729340819e-06  1.900224523940e-11  1.930135568118e-11
gfc    14   14 -6.134447025869e-07  1.071109885369e-06  4.760963270825e-11  4.825413287819e-11
gfc    15    0 -2.280929443139e-07  0.000000000000e+00  3.166078427101e-12  0.000000000000e+00
gfc    15    1 -7.975236381507e-07  3.536209291726e-07  2.320863717608e-12  2.330841351675e-12
gfc    15    2 -5.402203029620e-08  7.446636249220e-07  1.955058583188e-12  5.912794263583e-12
gfc    15    3 -1.378253491799e-06 -6.307144448872e-07  3.247106972601e-12  5.884533419799e-12
gfc    15    4 -9.560638289426e-07 -1.323376743008e-06  5.690273792210e-12  4.392854446422e-12
gfc    15    5  7.740472573190e-09 -8.933791040578e-07  5.172756211135e-12  4.313094399767e-12
gfc    15    6 -6.442697996062e-08 -3.306746260145e-07  5.282393782452e-12  7.292658614318e-12
gfc    15    7  1.125296404662e-06  1.489429798945e-06  8.188360747186e-12  8.283031547672e-12
gfc    15    8  1.315093406204e-06  1.886539929407e-06  8.637942159302e-12  9.371310266880e-12
gfc    15    9 -8.521706966484e-08 -1.011656382290e-06  1.383007879059e-11  1.299153685299e-11
gfc    15   10 -6.015165526223e-08  4.227300692580e-07  9.263534448507e-12  8.050157378820e-12
gfc    15   11 -1.426275044404e-06 -1.502450033245e-06  2.290073906554e-11  2.241778394349e-11
gfc    15   12 -1.767199600561e-06 -4.717943996403e-07  1.003360739801e-11  1.256457358687e-11
gfc    15   13 -4.049355069318e-07  3.095137231001e-07  3.348878898486e-11  3.555290808225e-11
gfc    15   14  8.234600573540e-07  5.614534204409e-07  1.302355994439e-11  1.341701010034e-11
gfc    15   15  5.483053465433e-07  7.779264997660e-07  6.308211591062e-11  6.233468205491e-11
gfc    16    0  5.568582950090e-07  0.000000000000e+00  3.208596352994e-12  0.000000000000e+00
gfc    16    1  1.155928738296e-07  8.252397540632e-07  1.997891799385e-12  5.899699904149e-12
gfc    16    2  1.455238394002e-06  7.657774299634e-09  3.922244413394e-12  1.719370223507e-12
gfc    16    3 -1.942794224706e-07  5.233244647512e-07  2.543809762413e-12  5.631874380488e-12
gfc    16    4  6.859512739626e-07  3.124276681986e-07  3.405733418390e-12  4.184742377227e-12
gfc    16    5  7.634226109979e-07 -6.484929077416e-07  2.479563969856e-12  4.833377936581e-12
gfc    16    6  7.297935936266e-07 -7.280784361107e-07  5.943012844000e-12  4.273178057000e-12
gfc    16    7 -2.807076706714e-07 -5.804002497024e-07  4.037747192731e-12  4.414224924941e-12
gfc    16    8  2.370368020705e-08  3.200952308034e-07  6.735803170077e-12  6.392849076879e-12
gfc    16    9 -7.806676176641e-07 -8.233777828543e-07  6.695970878954e-12  6.810286096785e-12
gfc    16   10  2.272115944692e-07  3.356305946166e-08  7.547761469469e-12  8.662132612108e-12
gfc    16   11 -3.314708321056e-07  7.721911281608e-07  1.071599903497e-11  9.987071000294e-12
gfc    16   12 -1.294194174774e-06  9.158412993223e-07  1.211290681713e-11  1.261556707379e-11
gfc    16   13 -1.798929508616e-07 -1.629548839519e-07  1.309077759624e-11  1.421129128980e-11
gfc    16   14 -6.798505665749e-07  1.776231813064e-07  1.932599259953e-11  1.961030586997e-11
gfc    16   15 -3.647584480303e-07 -1.015783538224e-06  1.631181403483e-11  1.530228592336e-11
gfc    16   16 -9.052777631041e-07 -9.188202913480e-07  4.082902564306e-11  4.096841571965e-11
gfc    17    0 -1.033025527055e-06  0.000000000000e+00  2.465572150241e-12  0.000000000000e+00
gfc    17    1  5.020215012584e-07  7.626524717225e-08  4.129399283690e-12  5.436994749938e-12
gfc    17    2 -2.907286980240e-07 -8.725915578629e-07  2.397737703071e-12  2.563747240418e-12
gfc    17    3 -2.675531799284e-08 -5.022405425559e-07  5.477788604633e-12  8.425692524746e-12
gfc    17    4  1.285109935278e-06  2.037543558932e-06  4.732537985037e-12  3.225723239002e-12
gfc    17    5  1.906728010275e-07 -6.043114245138e-07  3.494438303639e-12  1.037997162570e-11
gfc    17    6  7.212200409403e-07 -1.245861402199e-06  7.961722968448e-12  5.308176780833e-12
gfc    17    7 -1.298785896595e-06 -1.556265822425e-06  7.321990711098e-12  5.522192432466e-12
gfc    17    8 -2.114482326792e-07 -4.704342791648e-07  6.222387563466e-12  8.991315888748e-12
gfc    17    9  3.281979848017e-07  1.371634554546e-06  8.933402453713e-12  8.265772313049e-12
gfc    17   10  4.162955985277e-07  6.136901913795e-07  6.770269006134e-12  7.530318830592e-12
gfc    17   11  1.143977187043e-06 -2.020081934450e-07  1.366752327306e-11  1.457990541179e-11
gfc    17   12  9.594732720568e-07  1.795414693177e-07  7.182778845059e-12  7.796716694721e-12
gfc    17   13 -3.972032090220e-08 -2.222939393054e-07  1.951593593213e-11  2.085419491567e-11
gfc    17   14  4.031167375939e-07  3.045672194939e-07  8.565344944545e-12  8.951887867083e-12
gfc    17   15 -6.435757107112e-08 -5.045755852402e-07  2.939465811500e-11  2.883126510217e-11
gfc    17   16 -3.169703243288e-07 -2.515300916300e-07  1.152779443133e-11  1.192294487358e-11
gfc    17   17 -3.807507626132e-07  1.504698109852e-06  5.151442629931e-11  5.108385609857e-11
gfc    18    0 -5.203157067519e-07  0.000000000000e+00  1.818120771580e-12  0.000000000000e+00
gfc    18    1  3.604153480116e-07  2.684205048215e-08  2.612138123532e-12  3.794464145487e-12
gfc    18    2 -3.166114880540e-07 -7.261255463366e-07  2.512092528204e-12  4.257161432629e-12
gfc    18    3  9.952255786172e-07  4.326890498870e-07  2.244370816973e-12  6.381885502887e-12
gfc    18    4 -8.030676517994e-07  1.091307488203e-06  5.179004751873e-12  2.943203532552e-12
gfc    18    5 -5.192950217241e-07  7.320046315474e-08  5.833152074595e-12  7.304739756267e-12
gfc    18    6 -1.701319741456e-06  7.338938718241e-07  4.816767030283e-12  6.023705964222e-12
gfc    18    7 -2.182895214853e-07 -1.133722968457e-06  7.458527901801e-12  4.543187896628e-12
gfc    18    8  4.445826776486e-07  2.868026473534e-07  6.764608911126e-12  4.755924448203e-12
gfc    18    9  5.507330426439e-07 -6.374113822295e-07  4.670488237574e-12  5.372123246608e-12
gfc    18   10  3.581823964257e-07 -5.501138189202e-07  7.371401741611e-12  6.245833020571e-12
gfc    18   11  4.213041618926e-07 -1.297975301925e-06  8.558386212512e-12  7.571898316689e-12
gfc    18   12  8.308385200130e-07  2.347763353034e-07  8.739529609031e-12  8.588985665458e-12
gfc    18   13 -1.215844216700e-06 -1.001738506083e-07  9.393655032801e-12  1.136830741430e-11
gfc    18   14  6.114388915575e-08 -1.132044848661e-06  1.267154542320e-11  1.115733410657e-11
gfc    18   15  2.432176202165e-07 -1.084441924509e-06  1.317994621819e-11  1.147390337277e-11
gfc    18   16  8.988608181546e-07 -2.135923007497e-07  1.789497011339e-11  1.831555504653e-11
gfc    18   17  1.230028630850e-06 -4.712286187735e-07  1.323443933225e-11  1.496829569870e-11
gfc    18   18 -2.097490408813e-07 -2.851216654092e-07  3.551220620088e-11  3.544736790892e-11
gfc    19    0  2.156473331145e-07  0.000000000000e+00  2.753026236938e-12  0.000000000000e+00
gfc    19    1 -5.912437640603e-07  1.313109166973e-07  1.581281709216e-12  2.025373840513e-12
gfc    19    2  1.730071946678e-07 -3.717637916972e-07  3.495498301927e-12  4.691624980092e-12
gfc    19    3 -6.319976449243e-07  9.766094235205e-07  5.809598799725e-12  3.571644843791e-12
gfc    19    4 -9.934750220594e-07 -1.053898707073e-06  7.845374392872e-12  3.828937479691e-12
gfc    19    5 -2.584472064023e-07  1.483280732002e-06  4.980219396394e-12  5.453555735316e-12
gfc    19    6  1.587217540321e-07  3.800477545341e-07  7.794905836984e-12  4.823063300226e-12
gfc    19    7  1.223458461345e-06  4.911578705967e-07  5.006340413881e-12  4.751175324520e-12
gfc    19    8  6.511944089206e-07  8.666640206035e-07  5.815616931183e-12  5.785333792100e-12
gfc    19    9 -6.539361107249e-08 -4.222322613607e-07  6.790347630650e-12  6.016615701517e-12
gfc    19   10 -7.824340941906e-07 -2.259988698682e-07  4.676165436980e-12  5.232676771282e-12
gfc    19   11  9.201497647389e-09 -1.752684808963e-07  9.127412192177e-12  9.112514633214e-12
gfc    19   12 -1.104219405738e-07 -2.871787567787e-07  7.141774869278e-12  7.694327249849e-12
gfc    19   13  7.449843188719e-07  2.231851437734e-06  1.635093103394e-11  1.418835633888e-11
gfc    19   14 -1.260541020737e-07  5.398748157502e-07  8.252686752362e-12  8.125405168554e-12
gfc    19   15  8.388540350656e-08  8.252273826096e-08  1.819195727336e-11  1.790164099432e-11
gfc    19   16 -5.519053754201e-08  6.894570858831e-07  9.633786803349e-12  8.581278022750e-12
gfc    19   17 -1.068973745374e-06 -1.868692997772e-06  2.723718317046e-11  2.580192195191e-11
gfc    19   18  1.123841264003e-06 -2.165176545083e-08  1.132235569787e-11  1.348923675340e-11
gfc    19   19  6.020625627624e-07  3.653267922548e-07  4.282102630759e-11  4.316668979060e-11
gfc    20    0  3.355563745813e-07  0.000000000000e+00  2.119962509921e-12  0.000000000000e+00
gfc    20    1 -1.970511023507e-07 -3.825798981979e-07  1.367038276377e-12  4.202993102320e-12
gfc    20    2  8.128007603574e-07  3.409116970743e-09  3.573262363081e-12  1.719745768447e-12
gfc    20    3  6.352043227785e-07 -2.655016137916e-07  2.322561468146e-12  4.574736543613e-12
gfc    20    4  4.635460274373e-07 -4.888612538320e-07  2.805532330307e-12  3.123284290905e-12
gfc    20    5  2.189771175454e-07 -3.031352152523e-07  2.589123447244e-12  3.110204817209e-12
gfc    20    6 -1.913348339486e-07  3.299381465357e-07  4.990052879092e-12  3.004646067343e-12
gfc    20    7 -6.759310276189e-07 -7.314929973500e-07  3.242247559314e-12  2.638919539024e-12
gfc    20    8  2.345683219954e-07  6.929376102896e-08  3.807267785996e-12  5.285431887053e-12
gfc    20    9 -3.846498779629e-07  1.098686812590e-07  3.253827132097e-12  3.562345243280e-12
gfc    20   10  3.259957536493e-07  4.891213872107e-08  5.653321784677e-12  5.205186200898e-12
gfc    20   11  2.452828247995e-07  1.129423875657e-06  6.942375094841e-12  5.795901819111e-12
gfc    20   12  1.311484214884e-07 -9.832415989460e-07  8.110431039203e-12  6.139743857249e-12
gfc    20   13  8.304648560319e-07  6.176956518669e-07  7.574507079472e-12  8.260131683223e-12
gfc    20   14 -1.462286025289e-07  8.283380103838e-08  7.934882872973e-12  7.267297399958e-12
gfc    20   15 -3.247082744040e-07  9.198903403838e-08  8.724270877931e-12  9.051190465511e-12
gfc    20   16  9.283752920379e-07 -6.115921727438e-07  1.127752228821e-11  1.192971040548e-11
gfc    20   17  7.932636859893e-07 -1.185026905656e-06  1.220540912371e-11  1.169798016947e-11
gfc    20   18  8.449400096332e-07 -3.418746189468e-08  1.637894100383e-11  1.733876826693e-11
gfc    20   19 -2.172376480358e-07  3.051535177786e-07  1.176435933219e-11  1.179060266575e-11
gfc    20   20 -1.352436349746e-07 -3.587847156252e-07  3.175043332704e-11  3.168197187950e-11
gfc    21    0 -5.600768153389e-08  0.000000000000e+00  2.747244204156e-12  0.000000000000e+00
gfc    21    1  3.773193758317e-08  5.530652288689e-07  4.611733546174e-12  5.133768216036e-12
gfc    21    2 -1.363839138906e-06 -3.910043143915e-07  2.503106785967e-12  5.335298395241e-12
gfc    21    3  3.452816265616e-07 -9.282924035610e-07  2.694877381596e-12  8.261049224180e-12
gfc    21    4 -7.638135876991e-07  7.418804555828e-07  3.297926830323e-12  4.459790899351e-12
gfc    21    5  3.333314892765e-07  9.014788268617e-08  2.901124467010e-12  4.830653996420e-12
gfc    21    6 -6.229679079046e-08 -4.021896611777e-07  3.846825818218e-12  2.632186229043e-12
gfc    21    7 -3.753416701262e-07  6.192412307789e-07  3.714688494548e-12  3.732173198667e-12
gfc    21    8 -8.112945229599e-07 -3.255658016540e-08  3.250339761144e-12  5.290110159561e-12
gfc    21    9  6.075910923824e-08 -5.416277079331e-07  5.635276018115e-12  3.813456451908e-12
gfc    21   10  4.792804597526e-07 -5.735100264791e-08  4.169341892572e-12  4.256611044082e-12
gfc    21   11 -3.149730994252e-07 -1.730782935739e-07  6.666556068977e-12  6.393491351174e-12
gfc    21   12 -2.937636314945e-07  4.039443945050e-07  4.676115413746e-12  4.337620669042e-12
gfc    21   13 -2.713706632849e-07 -1.768824584267e-07  8.994749115070e-12  9.531919361190e-12
gfc    21   14 -1.590928358310e-07  3.486817938584e-07  4.816292321452e-12  4.932826183905e-12
gfc    21   15 -3.768450731342e-07  1.926367304920e-07  1.285804505693e-11  1.295767549007e-11
gfc    21   16  1.135238243757e-06 -2.919780773432e-07  7.574717913429e-12  8.916406407294e-12
gfc    21   17  8.691154322308e-07  1.466783534362e-06  1.846283890413e-11  1.698521572918e-11
gfc    21   18 -1.115320522588e-07 -6.064197795002e-07  9.185493612757e-12  9.425786786530e-12
gfc    21   19  1.872119216447e-06  1.489581302841e-07  2.193043154654e-11  2.584134481710e-11
gfc    21   20 -4.321451393793e-07  2.544060738478e-06  2.088495554347e-11  1.079448122866e-11
gfc    21   21 -3.341117701803e-07  3.240879674856e-07  3.728914106725e-11  3.735876858256e-11
gfc    22    0 -8.414111981730e-08  0.000000000000e+00  2.039457539980e-12  0.000000000000e+00
gfc    22    1 -3.028766847948e-07  2.514756258623e-07  1.234768238868e-12  1.978415511610e-12
gfc    22    2 -3.629135443288e-07 -9.016580609894e-08  4.655874937278e-12  1.887152651453e-12
gfc    22    3  5.907345897135e-07  6.582266417660e-07  2.824298119248e-12  1.662934883132e-12
gfc    22    4  3.559434616863e-07  7.154411023616e-08  1.300654523816e-12  6.373960665713e-12
gfc    22    5  4.766961125967e-07 -7.716436519255e-07  2.860546143558e-12  1.678610387616e-12
gfc    22    6 -2.359599005564e-07  1.839211011511e-07  1.993476222901e-12  5.938802598835e-12
gfc    22    7  3.693183715006e-07  6.640259586920e-07  2.680062450830e-12  2.787714747129e-12
gfc    22    8  1.750258813643e-07 -4.071474499618e-07  4.045237132515e-12  4.953149764754e-12
gfc    22    9  7.384684419868e-07  1.188662854037e-07  3.216661979394e-12  4.766460622575e-12
gfc    22   10 -3.856951379159e-07  6.046316326380e-07  5.573069886062e-12  4.665392886523e-12
gfc    22   11 -3.651265244824e-07 -7.102549667637e-07  5.092959476535e-12  4.294252026485e-12
gfc    22   12 -2.246927106042e-09  4.022752530926e-08  4.371746225614e-12  5.468402435853e-12
gfc    22   13 -3.394135405718e-07  2.015987773835e-07  6.669958295553e-12  6.710095140527e-12
gfc    22   14 -9.273127497366e-07  1.189017630524e-06  7.755339690279e-12  7.132704257064e-12
gfc    22   15 -2.127028543947e-07 -1.768827688078e-07  7.814553166455e-12  7.821109195535e-12
gfc    22   16 -6.187248569118e-07  4.793643004729e-07  7.633226246741e-12  7.998076724856e-12
gfc    22   17 -7.096413234112e-07 -7.658386894167e-08  8.186417487281e-12  8.965513689204e-12
gfc    22   18  5.180013615248e-07 -2.666888320664e-07  1.042412689794e-11  1.093559493053e-11
gfc    22   19 -4.981038203970e-07  3.254063222628e-07  9.307393782414e-12  1.020546682786e-11
gfc    22   20  6.666293972435e-07 -5.140504334484e-07  1.587268530067e-11  1.590699906492e-11
gfc    22   21 -1.686518876179e-07  7.624509828462e-08  1.052880369515e-11  1.098056211897e-11
gfc    22   22  3.561652263050e-07  6.564639660625e-07  2.950026757350e-11  2.897396642502e-11
gfc    23    0 -3.854420180832e-07  0.000000000000e+00  4.660776804768e-12  0.000000000000e+00
gfc    23    1  2.835958478069e-07 -8.344222846634e-07  3.819641984446e-12  1.361456282925e-12
gfc    23    2  4.572560555470e-07 -8.719103399024e-08  4.237081475845e-12  4.597732555039e-12
gfc    23    3 -6.957960742083e-07  3.190623573876e-07  2.801135254443e-12  3.911544878532e-12
gfc    23    4  4.113798267262e-07 -6.001176557516e-07  4.434745735579e-12  3.962340444951e-12
gfc    23    5 -2.263656226326e-07  7.308598712376e-07  2.486812157325e-12  4.146939716735e-12
gfc    23    6  4.021687230734e-07  9.623472854996e-08  2.866136498321e-12  5.833391928030e-12
gfc    23    7  4.155001261597e-07 -7.767545719611e-07  2.734764001646e-12  3.739207760901e-12
gfc    23    8  3.487708413067e-07 -3.505244354830e-07  4.120055949089e-12  6.269392918783e-12
gfc    23    9  1.014250829850e-06  7.236573827112e-08  4.716686795969e-12  4.745036174217e-12
gfc    23   10 -6.990224974910e-07  1.724734064817e-07  4.615305969135e-12  5.194938553915e-12
gfc    23   11  2.963323017772e-08  1.583224600741e-07  5.818818831688e-12  5.136941084462e-12
gfc    23   12  3.164157306542e-07 -4.733143572796e-07  4.889100141787e-12  4.276570519202e-12
gfc    23   13 -7.794714100579e-07  2.260768010168e-07  7.210906986341e-12  8.336543833026e-12
gfc    23   14  7.523199588784e-07 -4.321228239582e-07  5.411442376629e-12  5.539202754270e-12
gfc    23   15  2.736150909020e-07  6.544459634153e-08  9.684122299924e-12  9.161256905522e-12
gfc    23   16 -5.725550881925e-07  2.636055808488e-07  4.832706888866e-12  5.390781737026e-12
gfc    23   17 -3.306273902729e-07 -3.834512466582e-07  1.158737260600e-11  1.176418380913e-11
gfc    23   18 -3.368684222810e-08  3.045941343178e-07  6.262569232539e-12  5.763604490980e-12
gfc    23   19 -4.341103430719e-09 -6.097438379846e-08  1.432067062193e-11  1.474491197411e-11
gfc    23   20 -1.993046700787e-08  3.810253543087e-07  7.921400494122e-12  7.140186055043e-12
gfc    23   21 -5.912193696566e-07  3.041951188291e-07  1.939131427198e-11  2.057697840406e-11
gfc    23   22 -9.859701881508e-07 -4.889065207714e-07  1.123381005705e-11  1.304375794475e-11
gfc    23   23 -1.061339898907e-06  2.494496524319e-07  3.297670256509e-11  3.423095806371e-11
gfc    24    0  3.989310471326e-09  0.000000000000e+00  2.456334704807e-12  0.000000000000e+00
gfc    24    1  3.390438090429e-07 -2.729058498088e-07  2.304717910642e-12  2.338776924908e-12
gfc    24    2  4.213701868721e-07  3.630384854261e-07  5.111905696175e-12  2.910198144689e-12
gfc    24    3 -1.046881766653e-07 -9.526772402219e-07  2.537497531150e-12  3.949037800374e-12
gfc    24    4  5.201560103715e-07  1.966631233335e-07  4.252697779115e-12  3.480408675178e-12
gfc    24    5  4.707162785803e-08 -1.013829360648e-07  3.646858007740e-12  1.320233407321e-12
gfc    24    6 -3.801461508817e-07  2.972909807340e-08  2.074774306170e-12  2.417475630765e-12
gfc    24    7  3.511208505434e-07  1.465850630351e-07  3.753431633010e-12  1.923590344740e-12
gfc    24    8  5.363142403856e-07  2.126568959306e-07  4.219003761443e-12  3.006844560272e-12
gfc    24    9 -6.108182760994e-07 -7.016943730418e-08  4.193037279653e-12  2.624297322066e-12
gfc    24   10 -4.291160026228e-07  1.348443980630e-07  4.441184627496e-12  3.663081639903e-12
gfc    24   11  2.069039814788e-07 -3.809236116741e-07  6.425435876476e-12  4.032516280191e-12
gfc    24   12  1.204880688747e-06 -4.163215358193e-08  4.416325165346e-12  6.270196248904e-12
gfc    24   13  3.325971244255e-07 -3.834787895758e-07  4.894113916971e-12  8.067033253348e-12
gfc    24   14  8.169188477837e-07 -6.480041028883e-07  5.327692994024e-12  6.166671391953e-12
gfc    24   15 -1.837563062670e-07  3.807233911056e-07  6.212587444846e-12  6.139115100333e-12
gfc    24   16  2.619528834951e-07 -2.137912905103e-07  6.436238724603e-12  5.258072418518e-12
gfc    24   17  5.849644718126e-07  2.516001964187e-07  7.266303238440e-12  7.236855942922e-12
gfc    24   18 -9.956151360261e-07 -6.533856500785e-07  8.144882083704e-12  9.933650506035e-12
gfc    24   19  4.641866248419e-07 -6.313391140563e-07  8.450048338893e-12  8.638055314272e-12
gfc    24   20 -3.493099466334e-07 -1.687653845596e-07  1.020990080154e-11  1.034674985256e-11
gfc    24   21  2.985567830763e-07  1.577454576711e-07  8.373593982495e-12  8.628159773823e-12
gfc    24   22  1.206944457161e-07  7.238973409633e-07  1.561538312264e-11  1.438754372591e-11
gfc    24   23 -1.770515457864e-08 -3.568895042594e-07  1.006894180874e-11  9.912625244762e-12
gfc    24   24  9.708812506654e-07 -9.445444565263e-07  2.788168393710e-11  2.833018863556e-11
gfc    25    0 -2.157549321232e-07  0.000000000000e+00  3.083854028821e-12  0.000000000000e+00
gfc    25    1 -4.856819417505e-08  5.291922469882e-07  1.629585845988e-12  4.011625472810e-12
gfc    25    2 -6.613548598471e-07  5.390561044104e-08  3.481547159968e-12  3.782287586391e-12
gfc    25    3  6.743645667738e-07 -1.457262387541e-07  1.220193597519e-12  5.139895407139e-12
gfc    25    4 -5.790532713528e-07 -7.099788537580e-08  3.455279481453e-12  5.232796902134e-12
gfc    25    5  2.006161564421e-07  8.101830171732e-07  2.478845479252e-12  3.991470793009e-12
gfc    25    6 -2.538597034830e-07  3.344999208814e-07  7.398591526763e-12  3.832723931717e-12
gfc    25    7  6.908623971809e-07  9.665709373301e-07  6.488072231425e-12  6.009937727753e-12
gfc    25    8 -9.987380463844e-07  9.957473710105e-07  6.819671746820e-12  5.230308206944e-12
gfc    25    9 -3.555307209197e-07  9.835556806791e-08  7.772503001394e-12  4.662763101755e-12
gfc    25   10 -2.236606843862e-08  7.126108211572e-07  4.073643101026e-12  3.503840008744e-12
gfc    25   11 -2.590489882363e-08 -3.992734272236e-07  4.661709825591e-12  4.424549634707e-12
gfc    25   12  1.279358810747e-07  4.427763257845e-09  3.328403799127e-12  3.820171118393e-12
gfc    25   13  3.179910705916e-07  2.737953529744e-07  6.207153931804e-12  6.211958753973e-12
gfc    25   14 -6.398494011238e-07  6.848332347388e-07  4.720992149545e-12  4.860086249058e-12
gfc    25   15  1.474330112355e-07  3.707603636907e-08  7.432362318465e-12  8.051578991245e-12
gfc    25   16  2.204860082063e-07 -5.942509453940e-07  5.203503036339e-12  4.119028471878e-12
gfc    25   17  3.119850281679e-08 -4.867871923808e-07  8.998145516065e-12  8.725055667951e-12
gfc    25   18 -8.457405509091e-08  1.324639507098e-07  5.177509010778e-12  5.034558241439e-12
gfc    25   19 -8.187367521085e-07 -1.334104288126e-07  1.050737221650e-11  1.194143706354e-11
gfc    25   20 -4.562802199072e-08 -4.007752035016e-07  7.577662334516e-12  5.560351175609e-12
gfc    25   21  6.825110698543e-07 -2.907620626302e-07  1.365351071750e-11  1.409811410993e-11
gfc    25   22 -3.386845443092e-07 -7.880969459551e-07  9.300643143230e-12  8.072740744508e-12
gfc    25   23  9.260115010351e-07 -3.587884823166e-07  1.803074894150e-11  1.929910326031e-11
gfc    25   24  9.225019733546e-07 -3.067272118785e-08  9.312119867488e-12  1.238272376525e-11
gfc    25   25 -1.316552481102e-07  5.601626425257e-07  3.038111302085e-11  3.019040019580e-11
gfc    26    0  2.839119455899e-08  0.000000000000e+00  1.745459856157e-12  0.000000000000e+00
gfc    26    1  1.639424200778e-07  2.222259895635e-07  2.771714161091e-12  3.159195536646e-12
gfc    26    2  6.585299879916e-07 -1.962601892829e-07  3.879626590439e-12  2.547327504619e-12
gfc    26    3  1.932711938845e-07  6.644687854806e-07  1.620475492185e-12  4.734615156149e-12
gfc    26    4  3.465843104309e-07  2.447189552396e-07  1.367068637480e-12  6.145516445908e-12
gfc    26    5  6.029549831304e-08 -7.765547847584e-07  3.917531133865e-12  2.319587195859e-12
gfc    26    6 -5.199275592960e-07 -1.350472848772e-07  5.233732214175e-12  2.149311380756e-12
gfc    26    7  1.154674541679e-08 -4.393133423414e-07  2.667531071650e-12  2.795757055978e-12
gfc    26    8 -1.141478130405e-09  1.521659431423e-07  2.360207269412e-12  4.985103768587e-12
gfc    26    9  5.844528586234e-08  7.009022244324e-07  3.073695349272e-12  2.525332626596e-12
gfc    26   10 -3.097401705245e-07 -1.092163699230e-08  4.576387562181e-12  3.170774276051e-12
gfc    26   11  1.635406710697e-07  3.232917479493e-07  3.988834818659e-12  4.644085158348e-12
gfc    26   12 -4.246252536068e-07 -7.900943743873e-07  5.181646214417e-12  3.650423881301e-12
gfc    26   13  1.320953035589e-07  4.266799728362e-07  4.533508937034e-12  5.143293191130e-12
gfc    26   14 -1.204956262096e-07  8.898254789363e-08  3.629661937916e-12  4.447737765993e-12
gfc    26   15  4.413182667073e-08 -2.542839215301e-07  4.581715334865e-12  4.018576489838e-12
gfc    26   16 -1.028914592921e-07  4.005676179389e-07  4.600375758144e-12  4.285323571114e-12
gfc    26   17 -3.584935147586e-07  8.403557644932e-08  5.188582637519e-12  5.162413611143e-12
gfc    26   18  1.051040839534e-08  2.997126349055e-07  5.583432226046e-12  5.294723098765e-12
gfc    26   19 -1.941253244750e-07  2.114162752403e-07  6.314387557343e-12  5.761780391576e-12
gfc    26   20 -2.601325500828e-07  6.826480709367e-07  8.474835885515e-12  7.887214720531e-12
gfc    26   21 -5.301540204267e-07 -5.377413159110e-07  8.691073038110e-12  8.368867484864e-12
gfc    26   22 -9.320497207021e-07  8.594761676543e-07  1.182435453388e-11  1.205543645521e-11
gfc    26   23  1.034684863255e-07 -6.273042593116e-08  7.816025878219e-12  8.762777882179e-12
gfc    26   24 -7.251183202821e-07 -1.171957940640e-08  1.391239072367e-11  1.512824286014e-11
gfc    26   25  7.446906740592e-08 -3.399030169109e-08  9.147113141382e-12  9.273918927782e-12
gfc    26   26  1.097202141407e-07  4.779860130094e-07  2.589657575035e-11  2.534134107868e-11
gfc    27    0 -6.354781406747e-07  0.000000000000e+00  3.973266158849e-12  0.000000000000e+00
gfc    27    1  6.163252395450e-07  2.293595348838e-08  3.701406306283e-12  5.154852815325e-12
gfc    27    2 -2.049856441207e-07 -4.292293774878e-07  1.115298304603e-12  5.163949608032e-12
gfc    27    3  5.601071815483e-07  8.741496828840e-08  1.530414702055e-12  4.291500540040e-12
gfc    27    4 -4.007270693918e-07  3.213591303129e-07  5.493872469961e-12  1.405634137462e-12
gfc    27    5 -6.904356356647e-07  1.391604818426e-08  3.987898509634e-12  2.320220988252e-12
gfc    27    6  6.476546906422e-09  4.631887168833e-07  4.573097367514e-12  2.732778557110e-12
gfc    27    7  2.573417889153e-07 -3.585642180055e-07  2.139146971076e-12  2.814055094353e-12
gfc    27    8  4.124871618821e-08 -7.587561750175e-08  4.169159674559e-12  3.019572903394e-12
gfc    27    9 -6.175889465415e-07  1.002191637807e-07  3.665517433878e-12  3.537541001066e-12
gfc    27   10  6.558206033901e-08 -6.361356561946e-07  5.155322539720e-12  3.447497403525e-12
gfc    27   11  3.453364841924e-07 -4.384803983906e-07  5.978299133626e-12  3.494652695692e-12
gfc    27   12 -4.400995323728e-07 -5.205239980906e-07  4.459429051215e-12  4.020636715599e-12
gfc    27   13  2.356856380960e-07 -1.492460047990e-07  7.010687082738e-12  4.324884673816e-12
gfc    27   14  4.592981232880e-07 -7.281926663930e-07  4.607065628876e-12  4.261284779200e-12
gfc    27   15  6.181382667535e-08  4.102843344818e-07  5.953542393711e-12  7.079821562034e-12
gfc    27   16  1.514078483275e-07  3.910587359299e-07  5.320510534438e-12  3.388127160203e-12
gfc    27   17  1.881190781455e-07  6.809173010734e-07  7.748307647724e-12  7.725157865116e-12
gfc    27   18  2.055327888885e-07 -6.788010024829e-07  5.615958396136e-12  5.050177191820e-12
gfc    27   19  6.838670069117e-08 -1.923088567052e-07  8.854440410484e-12  8.394218055135e-12
gfc    27   20  3.941758641652e-07 -5.218796387811e-07  5.885723670845e-12  5.523204114447e-12
gfc    27   21  4.419606543692e-07 -4.587488443808e-07  1.056292021141e-11  1.151847752814e-11
gfc    27   22  7.905765929748e-07  8.756224228711e-07  9.198720912434e-12  8.268349485680e-12
gfc    27   23 -6.487301347541e-08 -6.418451315698e-07  1.340416004543e-11  1.309502085297e-11
gfc    27   24  7.645879838212e-07 -1.642032140187e-07  7.053645764009e-12  9.596655878301e-12
gfc    27   25 -3.737534419495e-07  5.778031460883e-07  1.725664994581e-11  1.676895072919e-11
gfc    27   26 -4.488915743540e-07 -7.206102673718e-07  1.088498547794e-11  9.435279925068e-12
gfc    27   27 -4.229457264124e-07 -2.770451985411e-07  2.771571828474e-11  2.766346967855e-11
gfc    28    0  8.388708804811e-07  0.000000000000e+00  5.253355507237e-12  0.000000000000e+00
gfc    28    1  3.286490524415e-08  7.939147291248e-07  6.386917699573e-12  6.253223788119e-12
gfc    28    2 -3.379463305905e-08  7.104682752289e-07  3.589394345202e-12  4.341105144585e-12
gfc    28    3 -3.093680914879e-07 -8.397017888353e-08  5.284275265933e-12  5.188504088323e-12
gfc    28    4 -9.168605252902e-07  6.437197207466e-08  2.646817711253e-12  1.738219551163e-12
gfc    28    5  1.480648381242e-07  4.895481713751e-08  6.233292142171e-12  2.154026465572e-12
gfc    28    6  4.680782082653e-07  3.445936302505e-08  3.063893816603e-12  2.014497359393e-12
gfc    28    7 -3.764523963266e-07  2.630309998832e-07  2.966172222804e-12  2.042473790100e-12
gfc    28    8 -1.411174349641e-07  3.033499705122e-08  1.888041845927e-12  4.080416036435e-12
gfc    28    9 -4.297281580341e-07 -9.158927760528e-08  4.100991311511e-12  4.808191047033e-12
gfc    28   10 -3.481597495602e-07 -9.021923298283e-07  4.661195201783e-12  2.932272578529e-12
gfc    28   11  1.869342504207e-07 -4.182056586612e-08  4.889845881182e-12  4.140186767691e-12
gfc    28   12  1.144250046823e-07 -5.159199197828e-08  2.968099420648e-12  3.604555193089e-12
gfc    28   13  3.917668211545e-07 -3.461188429472e-07  3.480026836234e-12  3.860885242996e-12
gfc    28   14  3.618298668219e-07 -2.946927578681e-07  4.490749714270e-12  4.247398992335e-12
gfc    28   15 -4.414247657400e-07  3.429539049827e-07  6.216337371130e-12  4.520763023542e-12
gfc    28   16 -2.387133323305e-07 -8.449587774671e-07  5.869617807509e-12  4.640422712952e-12
gfc    28   17 -7.974668982058e-08 -1.887710060200e-07  4.037320346570e-12  6.795395442795e-12
gfc    28   18 -8.598509430219e-08  6.461448989841e-07  5.673603174223e-12  4.135779447694e-12
gfc    28   19 -1.629336560972e-07 -3.749405599293e-08  4.544336632282e-12  6.168066099919e-12
gfc    28   20  2.799684370812e-07 -5.683774447244e-07  6.391585475990e-12  5.655358209863e-12
gfc    28   21 -2.576058167225e-07  7.202989843136e-08  6.271597538731e-12  5.726993942312e-12
gfc    28   22 -6.204439911695e-07 -9.253280220251e-08  7.088487918916e-12  8.428243749272e-12
gfc    28   23 -4.750892080117e-09  2.450209445498e-07  7.072033214877e-12  6.514184013833e-12
gfc    28   24  4.065435301816e-07  7.519092853846e-09  9.445000676139e-12  1.054773784903e-11
gfc    28   25  4.813589095550e-07 -5.169071256803e-07  8.691037071756e-12  8.604927195659e-12
gfc    28   26  1.334011457459e-07  9.086798279108e-07  1.580640762319e-11  1.363105691085e-11
gfc    28   27 -1.596358842849e-07  6.720608127213e-07  1.073457005939e-11  8.741109449773e-12
gfc    28   28  1.338390861889e-07 -4.436166813370e-09  2.441675681739e-11  2.395593689508e-11
gfc    29    0 -6.023973174691e-07  0.000000000000e+00  3.371165265117e-12  0.000000000000e+00
gfc    29    1 -1.595898479033e-07 -4.383496548252e-07  4.520097442685e-12  5.969609182975e-12
gfc    29    2 -2.032730240122e-07 -7.004491585305e-07  1.236742646604e-12  3.978286760115e-12
gfc    29    3 -1.966970281740e-07  2.659505750265e-07  2.734486143194e-12  4.695780132118e-12
gfc    29    4 -3.026289080701e-07  1.473528265588e-07  2.578855698946e-12  1.438432549330e-12
gfc    29    5  2.196208044025e-07  1.690377624197e-08  1.403902711497e-12  2.620958630475e-12
gfc    29    6 -1.277261256610e-07 -1.881192414430e-07  2.562064930702e-12  2.124955447344e-12
gfc    29    7 -1.076083748179e-07 -3.852913739041e-07  3.511048589008e-12  1.837165703551e-12
gfc    29    8  4.441109747055e-07 -2.266463064844e-07  4.874417312183e-12  2.314936397644e-12
gfc    29    9  6.016623933603e-08 -6.360391077035e-07  2.716993747501e-12  5.616376570196e-12
gfc    29   10  6.209971732019e-07  3.447075246805e-07  2.860256536241e-12  5.544851407408e-12
gfc    29   11 -7.846702014812e-08  4.354430110684e-07  6.182513184738e-12  4.366170742439e-12
gfc    29   12 -6.437284597834e-07 -4.918753873132e-07  5.064938105734e-12  3.693958387964e-12
gfc    29   13  3.623041864418e-07  3.843163307173e-07  4.806742095549e-12  7.153588460186e-12
gfc    29   14  1.881885624630e-08  8.076996029750e-07  5.487047978938e-12  2.985217201070e-12
gfc    29   15 -1.994283405395e-07  6.884416555338e-08  5.283548919514e-12  5.710697706400e-12
gfc    29   16  2.676141255799e-07 -8.700958744297e-08  3.155891462149e-12  3.987376927884e-12
gfc    29   17 -4.044391202725e-07 -3.072653123963e-07  5.812004321379e-12  5.877305394606e-12
gfc    29   18 -1.314881415543e-07 -5.152305748893e-09  3.383935969720e-12  3.583150524299e-12
gfc    29   19  1.091085846864e-08 -7.609666193122e-08  6.550218066979e-12  6.596318624046e-12
gfc    29   20 -6.745008642921e-09  3.849998420491e-07  4.449302897714e-12  3.747832504355e-12
gfc    29   21  6.295279276479e-08  2.933458692767e-07  8.193243047767e-12  8.458297521758e-12
gfc    29   22 -2.440578887463e-07 -4.748971648088e-07  5.933896743141e-12  4.726421172009e-12
gfc    29   23  1.576461555810e-07  3.299207644898e-07  9.916288862367e-12  9.411758775341e-12
gfc    29   24  1.556771407060e-08  3.719092340312e-08  5.702847292205e-12  5.777724994127e-12
gfc    29   25 -1.393099269706e-07  2.249376595438e-07  1.169912040760e-11  1.173767552507e-11
gfc    29   26  2.643214463608e-07 -3.946918943097e-07  7.480444564432e-12  6.882985591946e-12
gfc    29   27  2.061040119713e-07  1.912343240041e-07  1.542677651800e-11  1.530689979036e-11
gfc    29   28 -1.151825143230e-07  2.493408127797e-07  8.404826874346e-12  8.257558790903e-12
gfc    29   29  1.843040643510e-07 -1.460202598064e-07  2.560848127245e-11  2.556596951877e-11
gfc    30    0  1.013187870902e-07  0.000000000000e+00  2.203340749928e-12  0.000000000000e+00
gfc    30    1 -2.944866228653e-07 -4.293414535092e-09  2.226561193469e-12  1.387135257777e-12
gfc    30    2 -2.164393310585e-07 -2.322745071917e-07  1.848966964095e-12  3.716840048252e-12
gfc    30    3 -3.616742242602e-07  3.514330469322e-07  2.453089114082e-12  1.707632946281e-12
gfc    30    4 -6.225779143980e-08 -2.222834213432e-07  2.748192038486e-12  3.349608363022e-12
gfc    30    5  1.857951016636e-07 -3.126339929519e-07  1.193501838584e-12  2.852496037549e-12
gfc    30    6  2.398935556220e-08  3.477864025690e-07  4.047628308165e-12  1.281370788576e-12
gfc    30    7 -3.448283353107e-07 -3.079987901604e-07  2.315138805539e-12  3.813884413100e-12
gfc    30    8 -3.853685317452e-07 -3.358978763544e-07  2.251710685496e-12  3.751544529550e-12
gfc    30    9 -2.676132668535e-07  5.052247067882e-08  2.620862844967e-12  3.042514192886e-12
gfc    30   10 -1.147777456077e-07 -1.008754210197e-07  2.250179857285e-12  2.702527477900e-12
gfc    30   11  7.088347801138e-09 -2.348156597228e-07  2.125661087458e-12  2.829610890427e-12
gfc    30   12 -2.737995852152e-07  2.386491202025e-07  2.598982447025e-12  3.690205659009e-12
gfc    30   13  1.114400344694e-07  3.914460078139e-07  4.359494419518e-12  3.191523900618e-12
gfc    30   14  4.997296994766e-07 -2.057075778199e-07  4.112776894151e-12  3.670592434107e-12
gfc    30   15 -3.408205301792e-07  1.659482886151e-07  3.935039250306e-12  4.490052379605e-12
gfc    30   16  2.356107794380e-07 -2.693471615790e-07  4.601356553502e-12  3.072512963834e-12
gfc    30   17  3.276834113681e-07  3.503395106605e-07  4.015050293338e-12  4.547913219309e-12
gfc    30   18  2.961846784812e-07  3.205416382029e-08  4.353735201562e-12  3.851683678411e-12
gfc    30   19 -1.617106213801e-07  5.729587689354e-08  4.137800752721e-12  3.985254488450e-12
gfc    30   20 -1.544633943526e-07 -2.556349809087e-08  3.932474474165e-12  4.511921352213e-12
gfc    30   21 -2.536323702710e-07 -1.951387109861e-08  4.530350909044e-12  4.814538368643e-12
gfc    30   22 -1.398082056331e-08  3.929171587907e-07  6.078133213369e-12  5.744074690076e-12
gfc    30   23 -4.382331620259e-07  1.438971884269e-07  5.296255586589e-12  6.221252914969e-12
gfc    30   24  1.346381836968e-07  4.530452373093e-08  7.441910835899e-12  6.929043570112e-12
gfc    30   25  1.578032214708e-07  2.461101794071e-07  6.302808277119e-12  6.064705469723e-12
gfc    30   26  5.512243796446e-08 -3.705596438490e-07  9.950610174149e-12  9.268632652129e-12
gfc    30   27 -1.221511622035e-07  3.390701224866e-07  7.726175584446e-12  7.251731321919e-12
gfc    30   28 -1.378854876069e-07 -6.170005946989e-07  1.437416367428e-11  1.328432945352e-11
gfc    30   29  1.692730783257e-07 -1.404565178369e-07  8.265553579716e-12  8.741667049302e-12
gfc    30   30 -3.242479354469e-07  9.583021932716e-07  2.487268892440e-11  2.301269818243e-11